48.1452196 11.5414971
48.1451404 11.5411141
48.1434822 11.5487963
48.1442786 11.5454386
48.1436171 11.5488362
48.1451843 11.5416781
48.1394260 11.5603836
48.1397063 11.5577780
48.1419702 11.5541495
48.1415160 11.5522728
48.1443734 11.5407404
48.1445431 11.5384205
48.1450711 11.5413995
48.1441086 11.5442555
48.1423626 11.5544110
48.1407081 11.5502833
48.1396025 11.5547913
48.1399041 11.5561749
48.1399850 11.5548363
48.1421356 11.5556044
48.1420243 11.5566311
48.1432221 11.5342294
48.1414691 11.5473817
48.1423938 11.5323153
48.1420008 11.5383182
48.1422713 11.5346155
48.1431978 11.5197388
48.1432360 11.5170168
48.1396143 11.5591174
48.1394868 11.5590994
48.1396364 11.5419793
48.1404322 11.5448257
48.1406442 11.5421017
48.1440374 11.5383748
48.1435422 11.5449785
48.1435241 11.5450842
48.1440192 11.5383280
48.1438759 11.5402301
48.1432940 11.5390755
48.1443295 11.5412174
48.1438349 11.5407441
48.1443113 11.5414593
48.1437860 11.5414015
48.1442727 11.5419861
48.1437477 11.5419035
48.1442398 11.5424654
48.1437197 11.5423661
48.1434546 11.5394126
48.1432886 11.5415594
48.1433822 11.5423269
48.1437746 11.5400268
48.1437336 11.5405677
48.1439011 11.5383099
48.1454326 11.5402950
48.1458541 11.5386716
48.1461764 11.5369151
48.1463990 11.5345655
48.1465330 11.5336278
48.1467055 11.5325161
48.1468667 11.5315830
48.1477519 11.5278071
48.1494735 11.5232291
48.1500132 11.5209434
48.1502458 11.5196337
48.1503111 11.5193315
48.1511135 11.5170945
48.1522831 11.5152732
48.1530551 11.5141518
48.1538600 11.5129659
48.1540870 11.5124921
48.1542102 11.5121013
48.1461733 11.5367127
48.1472726 11.5295853
48.1490919 11.5243306
48.1463471 11.5350360
48.1450646 11.5418282
48.1439174 11.5471320
48.1413891 11.5597512
48.1419672 11.5300896
48.1417621 11.5294077
48.1541912 11.5120829
48.1538434 11.5129401
48.1530382 11.5141187
48.1521554 11.5154036
48.1518647 11.5158278
48.1518808 11.5158554
48.1509287 11.5174087
48.1502880 11.5193182
48.1499802 11.5209796
